void setup(){
  size(600,600);
}

void draw(){
  background(76);
  rectMode(CENTER);
  fill(255);
  rect(300,300,500,500);
  fill(0);
  rect(150,150,150,150);
  rect(150,300,150,150);
  rect(150,400,150,150);
  rect(150,450,150,150);
  fill(0);
  rect(300,300,150,150);
  fill(0);
  rect(450,450,150,150);
  rect(150,250,150,150);
  rect(300,400,150,150);
  rect(300,450,150,150);
  fill(255);
  rect(180,140,50,50,10);
  rect(110,140,50,50,10);
  rect(180,210,50,50,10);
  rect(110,210,50,50,10);
  rect(180,280,50,50,10);
  rect(110,280,50,50,10);
  rect(180,350,50,50,10);
  rect(110,350,50,50,10);
  rect(140,490,70,70);
  rect(280,485,80,80);
  rect(450,485,80,80);

  fill(150);
  ellipse(459,150,80,80);
  
  fill(0);
  line(175,80,175,450);
  line(105,80,105,450);
  
  strokeCap(20);
  fill(200);
 point(500,100);
 point(150,300);
}
